1.23441302776337
-2.07839095059949
-2.15195775032043
7.54120302200317
-1.83742525169556
3.27354550361633
-2.76294279098511
-0.652545392513275
-2.55611473169683
6.13616418838501
-2.45125889778137
7.54604864120483
-3.59667553732047
-1.82505106925964
-2.26589345932007
3.00351572036743
-1.17033481597900
-1.88305628299713
-1.28686881065369
3.57294559478760
5.60835266113281
-1.86983508304614
4.78230381011963
-2.53356385231018
-3.42925572573249
-2.35774755477905
-1.80894756317139
1.93699455261230
2.10018301010132
0.00999801978468895
-1.88696944713593
-2.14263486862183
1.19481456279755
1.27387208943315
-1.57789945602417
-1.88826251653285
-2.90390181541443
5.45993375778198
-1.69492584500994
4.96368551254273
-3.21623206138611
0.920775294303894
-3.19458598637384
5.83311653137207
-1.09220635890961
7.12077856063843
-3.25430831134435
-1.65693819594527
0.0966074615716934
3.20287370681763
-1.96202802658081
-1.16491305828094
-1.55889558792114
4.39377689361572
4.96210002899170
-2.17832542454592
4.45282983779907
-2.40577363967896
-3.08341184011320
-2.49778413772583
-3.35824799537659
3.39358377456665
2.39180445671082
0.310419946908951
-1.67070615291595
-0.611467895969268
0.0113821551203728
0.890919474473934
