0.906516849994659
-1.02512285512747
-0.827293694019318
6.33155012130737
-0.250102588518418
0.890045404434204
-1.85473728179932
-0.396346926689148
-2.97828023138590
2.71303462982178
0.634962558746338
5.96733522415161
-1.97990868402564
-2.66619777679443
-2.24951910972595
2.85084986686707
-1.46361684799194
-1.74563097953796
-1.88528513908386
1.78056836128235
5.49839210510254
-1.87249297557695
5.46915912628174
-0.953925371170044
-2.67065651025345
-0.615461528301239
-1.24811697006226
2.37801456451416
-0.543566465377808
1.41169977188110
-0.168157070875168
-0.704976797103882
-1.02098047733307
-0.429181982985118
-0.660470426082611
-1.16394236976025
-3.16218161582947
3.86953353881836
-1.21043581008911
0.553037106990814
-2.21343946456909
0.613765001296997
-3.36680759280181
1.77613067626953
1.44033992290497
4.31961870193481
-1.67949741167994
-2.82947468757629
-1.35645675659180
2.78206992149353
-0.135639160871506
0.0563355013728142
-0.218775182962418
1.76405179500580
5.33894920349121
-1.92705147680233
5.00373458862305
-1.11807966232300
-2.01768766496240
-1.62175333499908
-1.76627635955811
4.20967006683350
0.117150038480759
1.05055809020996
-1.01315784454346
-0.643139603445607
-1.56405425071716
0.795958885212534
