-0.0122302361644292
0.0108060810092385
0.0473312231579939
-0.340801278415664
-0.146218719344545
-0.273273333031003
0.0525572370240059
-0.0423168307494147
0.0605214427383853
-0.294812085420030
0.0555791303581262
-0.339337314277434
0.0733666662621406
0.0270769145731167
-0.135209659050467
-0.269976326490761
-0.0199009533583053
0.0297131436429645
0.0204655380384234
-0.340247398975602
-0.267832656448368
0.0554541280281496
-0.274514620879311
0.0582436330137155
0.0703665831827181
0.0407087076174775
0.0497371049787562
-0.143550016276256
-0.0711441166675466
-0.0419301399212612
0.0701869365414424
-0.0411131422317629
-0.0894326666261774
-0.0432046756247277
-0.0149049234328652
0.0108864690367110
0.0412561602576593
-0.340637824897844
-0.163971745358319
-0.275402934372835
0.0524924850813960
-0.0842385756250117
0.0602173601742573
-0.294540009034784
0.0576612871973584
-0.324709062364478
0.0762816016951324
0.0273467392562961
-0.253336982488484
-0.269471997033361
-0.0465724789737417
0.0314598510498246
-0.0215025552715835
-0.340127268425068
-0.267183288378927
0.0617632345571760
-0.246614369654003
0.0598852073455685
0.0590124684733845
0.0536046695228543
0.0517146977942159
-0.202945622914140
-0.0586495423058365
-0.104728034020432
0.0737952693465011
-0.0423032377392775
-0.0903513414526392
-0.0515682024672739
