-0.353563365307588
-0.348301589387935
-0.343324176340181
-0.430364788916180
-0.379793550170412
-0.416056745958545
-0.347467967172006
-0.360872090200415
-0.347007307713211
-0.422300679155250
-0.342378193574049
-0.430118617863766
-0.337397457566033
-0.347934989252415
-0.389951826478076
-0.387634382405126
-0.352248292336830
-0.343870822258019
-0.345594476340884
-0.430283692859553
-0.384359066374042
-0.338596663643731
-0.384418850811444
-0.346883541097246
-0.339923612515296
-0.341585702290269
-0.343783536297756
-0.377868263030362
-0.357876620898428
-0.359748078742611
-0.339750978134871
-0.367754212323787
-0.364871789734411
-0.356810525219685
-0.354650565962068
-0.348298087961750
-0.341627567324424
-0.430336090567180
-0.393230149477576
-0.418274906526506
-0.345819601899451
-0.355825321855731
-0.346541744289896
-0.430753727841503
-0.340013384113888
-0.429008882158349
-0.337500664024718
-0.348041796178894
-0.404970634596541
-0.387656477160982
-0.357292467166802
-0.344085344575622
-0.352887792848320
-0.430273154978818
-0.387478416288481
-0.338707026010807
-0.384102915311148
-0.345974551738182
-0.344133466957740
-0.339534335116086
-0.342871714197129
-0.381989016990679
-0.358512518902689
-0.361758508480482
-0.341430823116683
-0.370684509652216
-0.364370872644483
-0.358665666644939
